18132
18133
18134
18137
18140
18143
18144
18145
18146
18149
18152
18155
18156
18157
18158
18161
18164
18167
18168
18169
18173
18174
18175
18179
18180
18181
18185
18186
18187
18191
18192
18193
18197
18198
18199
18203
18276
18278
18280
18286
18292
18298
18300
18302
18304
18310
18316
18322
18324
18326
18328
18334
18340
18346
18348
18350
18358
18360
18362
18370
18372
18374
18382
18384
18386
18394
18396
18398
18406
18408
18410
18418
18420
18421
18422
18425
18428
18431
18432
18433
18434
18437
18440
18443
18444
18445
18446
18449
18452
18455
18456
18457
18458
18461
18464
18467
18468
18469
18470
18473
18476
18479
18480
18481
18482
18485
18488
18491
18492
18493
18497
18498
18499
18503
18504
18505
18509
18510
18511
18515
18516
18517
18518
18521
18524
18527
18528
18529
18533
18534
18535
18539
18540
18541
18545
18546
18547
18551
18552
18553
18557
18558
18559
18563
18564
18565
18569
18570
18571
18575
18576
18577
18581
18582
18583
18587
18588
18589
18592
18595
18598
18599
18600
18604
18605
18606
18610
18802
18804
18806
18812
18818
18824
18826
18828
18830
18836
18842
18848
18850
18852
18854
18860
18866
18872
18874
18876
18878
18884
18890
18896
18898
18900
18902
18908
18914
18920
18922
18924
18926
18932
18938
18944
18946
18948
18956
18958
18960
18968
18970
18972
18980
18982
18984
18992
18994
18996
18998
19004
19010
19016
19018
19020
19028
19030
19032
19040
19042
19044
19052
19054
19056
19064
19066
19068
19076
19078
19080
19088
19090
19092
19100
19102
19104
19112
19114
19116
19124
19126
19128
19136
19138
19140
19146
19152
19158
19160
19162
19170
19172
19174
19182
19184
19185
19186
19189
19192
19195
19196
19197
19198
19201
19204
19207
19208
19209
19210
19213
19216
19219
19220
19221
19225
19226
19227
19231
19232
19233
19237
19238
19239
19243
19244
19245
19249
19250
19251
19255
19328
19330
19332
19338
19344
19350
19352
19354
19356
19362
19368
19374
19376
19378
19380
19386
19392
19398
19400
19402
19410
19412
19414
19422
19424
19426
19434
19436
19438
19446
19448
19450
19458
19460
19462
19470
19472
19473
19474
19477
19480
19483
19484
19485
19486
19489
19492
19495
19496
19497
19498
19501
19504
19507
19508
19509
19510
19513
19516
19519
19520
19521
19522
19525
19528
19531
19532
19533
19534
19537
19540
19543
19544
19545
19549
19550
19551
19555
19556
19557
19561
19562
19563
19567
19568
19569
19570
19573
19576
19579
19580
19581
19585
19586
19587
19591
19592
19593
19597
19598
19599
19603
19604
19605
19609
19610
19611
19615
19616
19617
19621
19622
19623
19627
19628
19629
19633
19634
19635
19639
19640
19641
19644
19647
19650
19651
19652
19656
19657
19658
19662
19854
19856
19858
19864
19870
19876
19878
19880
19882
19888
19894
19900
19902
19904
19906
19912
19918
19924
19926
19928
19930
19936
19942
19948
19950
19952
19954
19960
19966
19972
19974
19976
19978
19984
19990
19996
19998
20000
20008
20010
20012
20020
20022
20024
20032
20034
20036
20044
20046
20048
20050
20056
20062
20068
20070
20072
20080
20082
20084
20092
20094
20096
20104
20106
20108
20116
20118
20120
20128
20130
20132
20140
20142
20144
20152
20154
20156
20164
20166
20168
20176
20178
20180
20188
20190
20192
20198
20204
20210
20212
20214
20222
20224
20226
20234
20236
20237
20238
20241
20244
20247
20248
20249
20250
20253
20256
20259
20260
20261
20262
20265
20268
20271
20272
20273
20277
20278
20279
20283
20284
20285
20289
20290
20291
20295
20296
20297
20301
20302
20303
20307
20380
20382
20384
20390
20396
20402
20404
20406
20408
20414
20420
20426
20428
20430
20432
20438
20444
20450
20452
20454
20462
20464
20466
20474
20476
20478
20486
20488
20490
20498
20500
20502
20510
20512
20514
20522
20524
20525
20526
20529
20532
20535
20536
20537
20538
20541
20544
20547
20548
20549
20550
20553
20556
20559
20560
20561
20565
20566
20567
20571
20572
20573
20577
20578
20579
20583
20584
20585
20589
20590
20591
20595
20668
20670
20672
20678
20684
20690
20692
20694
20696
20702
20708
20714
20716
20718
20720
20726
20732
20738
20740
20742
20750
20752
20754
20762
20764
20766
20774
20776
20778
20786
20788
20790
20798
20800
20802
20810
23788
23789
23790
23793
23796
23799
23800
23801
23802
23805
23808
23811
23812
23813
23814
23817
23820
23823
23824
23825
23829
23830
23831
23835
23836
23837
23841
23842
23843
23847
23848
23849
23853
23854
23855
23859
23932
23934
23936
23942
23948
23954
23956
23958
23960
23966
23972
23978
23980
23982
23984
23990
23996
24002
24004
24006
24014
24016
24018
24026
24028
24030
24038
24040
24042
24050
24052
24054
24062
24064
24066
24074
24076
24077
24078
24081
24084
24087
24088
24089
24090
24093
24096
24099
24100
24101
24102
24105
24108
24111
24112
24113
24117
24118
24119
24123
24124
24125
24129
24130
24131
24135
24136
24137
24141
24142
24143
24147
24220
24222
24224
24230
24236
24242
24244
24246
24248
24254
24260
24266
24268
24270
24272
24278
24284
24290
24292
24294
24302
24304
24306
24314
24316
24318
24326
24328
24330
24338
24340
24342
24350
24352
24354
24362
24364
24365
24366
24369
24372
24375
24376
24377
24378
24381
24384
24387
24388
24389
24390
24393
24396
24399
24400
24401
24402
24405
24408
24411
24412
24413
24414
24417
24420
24423
24424
24425
24426
24429
24432
24435
24436
24437
24441
24442
24443
24447
24448
24449
24453
24454
24455
24459
24460
24461
24462
24465
24468
24471
24472
24473
24477
24478
24479
24483
24484
24485
24489
24490
24491
24495
24496
24497
24501
24502
24503
24507
24508
24509
24513
24514
24515
24519
24520
24521
24525
24526
24527
24531
24532
24533
24536
24539
24542
24543
24544
24548
24549
24550
24554
24746
24748
24750
24756
24762
24768
24770
24772
24774
24780
24786
24792
24794
24796
24798
24804
24810
24816
24818
24820
24822
24828
24834
24840
24842
24844
24846
24852
24858
24864
24866
24868
24870
24876
24882
24888
24890
24892
24900
24902
24904
24912
24914
24916
24924
24926
24928
24936
24938
24940
24942
24948
24954
24960
24962
24964
24972
24974
24976
24984
24986
24988
24996
24998
25000
25008
25010
25012
25020
25022
25024
25032
25034
25036
25044
25046
25048
25056
25058
25060
25068
25070
25072
25080
25082
25084
25090
25096
25102
25104
25106
25114
25116
25118
25126
25128
25129
25130
25133
25136
25139
25140
25141
25142
25145
25148
25151
25152
25153
25154
25157
25160
25163
25164
25165
25166
25169
25172
25175
25176
25177
25178
25181
25184
25187
25188
25189
25190
25193
25196
25199
25200
25201
25205
25206
25207
25211
25212
25213
25217
25218
25219
25223
25224
25225
25226
25229
25232
25235
25236
25237
25241
25242
25243
25247
25248
25249
25253
25254
25255
25259
25260
25261
25265
25266
25267
25271
25272
25273
25277
25278
25279
25283
25284
25285
25289
25290
25291
25295
25296
25297
25300
25303
25306
25307
25308
25312
25313
25314
25318
25510
25512
25514
25520
25526
25532
25534
25536
25538
25544
25550
25556
25558
25560
25562
25568
25574
25580
25582
25584
25586
25592
25598
25604
25606
25608
25610
25616
25622
25628
25630
25632
25634
25640
25646
25652
25654
25656
25664
25666
25668
25676
25678
25680
25688
25690
25692
25700
25702
25704
25706
25712
25718
25724
25726
25728
25736
25738
25740
25748
25750
25752
25760
25762
25764
25772
25774
25776
25784
25786
25788
25796
25798
25800
25808
25810
25812
25820
25822
25824
25832
25834
25836
25844
25846
25848
25854
25860
25866
25868
25870
25878
25880
25882
25890
25892
25893
25894
25897
25900
25903
25904
25905
25906
25909
25912
25915
25916
25917
25918
25921
25924
25927
25928
25929
25933
25934
25935
25939
25940
25941
25945
25946
25947
25951
25952
25953
25957
25958
25959
25963
26036
26038
26040
26046
26052
26058
26060
26062
26064
26070
26076
26082
26084
26086
26088
26094
26100
26106
26108
26110
26118
26120
26122
26130
26132
26134
26142
26144
26146
26154
26156
26158
26166
26168
26170
26178
26180
26181
26182
26185
26188
26191
26192
26193
26194
26197
26200
26203
26204
26205
26206
26209
26212
26215
26216
26217
26221
26222
26223
26227
26228
26229
26233
26234
26235
26239
26240
26241
26245
26246
26247
26251
26324
26326
26328
26334
26340
26346
26348
26350
26352
26358
26364
26370
26372
26374
26376
26382
26388
26394
26396
26398
26406
26408
26410
26418
26420
26422
26430
26432
26434
26442
26444
26446
26454
26456
26458
26466
34868
34869
34870
34874
34875
34876
34880
34881
34882
34886
34887
34891
34892
34893
34897
34898
34899
34903
34940
34942
34944
34952
34954
34956
34964
34966
34968
34976
34978
34986
34988
34990
34998
35000
35002
35010
35012
35013
35014
35018
35019
35020
35024
35025
35026
35030
35031
35035
35036
35037
35041
35042
35043
35047
35084
35086
35088
35096
35098
35100
35108
35110
35112
35120
35122
35130
35132
35134
35142
35144
35146
35154
35156
35157
35158
35162
35163
35164
35168
35169
35170
35174
35175
35176
35180
35181
35182
35186
35187
35188
35192
35193
35194
35198
35199
35203
35204
35205
35209
35210
35211
35215
35216
35217
35221
35222
35223
35227
35228
35229
35233
35234
35235
35236
35240
35241
35245
35246
35247
35251
35348
35350
35352
35360
35362
35364
35372
35374
35376
35384
35386
35388
35396
35398
35400
35408
35410
35412
35420
35422
35424
35432
35434
35442
35444
35446
35454
35456
35458
35466
35468
35470
35478
35480
35482
35490
35492
35494
35502
35504
35506
35508
35516
35518
35526
35528
35530
35538
35540
35541
35542
35546
35547
35548
35552
35553
35554
35558
35559
35560
35564
35565
35566
35570
35571
35572
35576
35577
35578
35582
35583
35587
35588
35589
35593
35594
35595
35599
35600
35601
35605
35606
35607
35611
35612
35613
35617
35618
35619
35620
35624
35625
35629
35630
35631
35635
35732
35734
35736
35744
35746
35748
35756
35758
35760
35768
35770
35772
35780
35782
35784
35792
35794
35796
35804
35806
35808
35816
35818
35826
35828
35830
35838
35840
35842
35850
35852
35854
35862
35864
35866
35874
35876
35878
35886
35888
35890
35892
35900
35902
35910
35912
35914
35922
35924
35925
35926
35930
35931
35932
35936
35937
35938
35942
35943
35947
35948
35949
35953
35954
35955
35959
35996
35998
36000
36008
36010
36012
36020
36022
36024
36032
36034
36042
36044
36046
36054
36056
36058
36066
36068
36069
36070
36074
36075
36076
36080
36081
36082
36086
36087
36091
36092
36093
36097
36098
36099
36103
36140
36142
36144
36152
36154
36156
36164
36166
36168
36176
36178
36186
36188
36190
36198
36200
36202
36210
47412
47413
47416
47419
47420
47421
47424
47427
47428
47429
47432
47435
47436
47437
47440
47441
47444
47445
47448
47449
47452
47453
47456
47457
47508
47510
47516
47522
47524
47526
47532
47538
47540
47542
47548
47554
47556
47558
47564
47566
47572
47574
47580
47582
47588
47590
47596
47598
47604
47605
47608
47611
47612
47613
47616
47619
47620
47621
47624
47627
47628
47629
47632
47633
47636
47637
47640
47641
47644
47645
47648
47649
47700
47702
47708
47714
47716
47718
47724
47730
47732
47734
47740
47746
47748
47750
47756
47758
47764
47766
47772
47774
47780
47782
47788
47790
47796
47797
47800
47803
47804
47805
47808
47811
47812
47813
47816
47819
47820
47821
47824
47827
47828
47829
47832
47835
47836
47837
47840
47843
47844
47845
47848
47851
47852
47853
47856
47857
47860
47861
47864
47865
47868
47869
47872
47873
47876
47877
47880
47881
47884
47885
47888
47889
47892
47893
47896
47897
47900
47901
47904
47907
47908
47909
47912
47913
47916
47917
47920
47921
48052
48054
48060
48066
48068
48070
48076
48082
48084
48086
48092
48098
48100
48102
48108
48114
48116
48118
48124
48130
48132
48134
48140
48146
48148
48150
48156
48162
48164
48166
48172
48174
48180
48182
48188
48190
48196
48198
48204
48206
48212
48214
48220
48222
48228
48230
48236
48238
48244
48246
48252
48254
48260
48262
48268
48274
48276
48278
48284
48286
48292
48294
48300
48302
48308
48309
48312
48315
48316
48317
48320
48323
48324
48325
48328
48331
48332
48333
48336
48339
48340
48341
48344
48347
48348
48349
48352
48355
48356
48357
48360
48363
48364
48365
48368
48369
48372
48373
48376
48377
48380
48381
48384
48385
48388
48389
48392
48393
48396
48397
48400
48401
48404
48405
48408
48409
48412
48413
48416
48419
48420
48421
48424
48425
48428
48429
48432
48433
48564
48566
48572
48578
48580
48582
48588
48594
48596
48598
48604
48610
48612
48614
48620
48626
48628
48630
48636
48642
48644
48646
48652
48658
48660
48662
48668
48674
48676
48678
48684
48686
48692
48694
48700
48702
48708
48710
48716
48718
48724
48726
48732
48734
48740
48742
48748
48750
48756
48758
48764
48766
48772
48774
48780
48786
48788
48790
48796
48798
48804
48806
48812
48814
48820
48821
48824
48827
48828
48829
48832
48835
48836
48837
48840
48843
48844
48845
48848
48849
48852
48853
48856
48857
48860
48861
48864
48865
48916
48918
48924
48930
48932
48934
48940
48946
48948
48950
48956
48962
48964
48966
48972
48974
48980
48982
48988
48990
48996
48998
49004
49006
49012
49013
49016
49019
49020
49021
49024
49027
49028
49029
49032
49035
49036
49037
49040
49041
49044
49045
49048
49049
49052
49053
49056
49057
49108
49110
49116
49122
49124
49126
49132
49138
49140
49142
49148
49154
49156
49158
49164
49166
49172
49174
49180
49182
49188
49190
49196
49198
55924
55927
55928
55931
55932
55935
55936
55938
55940
55942
55944
55946
55972
55978
55980
55986
55988
55994
55996
56000
56004
56008
56012
56016
56020
56023
56024
56027
56028
56031
56032
56034
56036
56038
56040
56042
56068
56074
56076
56082
56084
56090
56092
56096
56100
56104
56108
56112
56116
56119
56120
56123
56124
56127
56128
56131
56132
56135
56136
56139
56140
56143
56144
56146
56148
56150
56152
56154
56156
56158
56160
56162
56164
56166
56168
56171
56172
56174
56176
56178
56244
56250
56252
56258
56260
56266
56268
56274
56276
56282
56284
56290
56292
56298
56300
56304
56308
56312
56316
56320
56324
56328
56332
56336
56340
56344
56348
56354
56356
56360
56364
56368
56372
56375
56376
56379
56380
56383
56384
56387
56388
56391
56392
56395
56396
56399
56400
56402
56404
56406
56408
56410
56412
56414
56416
56418
56420
56422
56424
56427
56428
56430
56432
56434
56500
56506
56508
56514
56516
56522
56524
56530
56532
56538
56540
56546
56548
56554
56556
56560
56564
56568
56572
56576
56580
56584
56588
56592
56596
56600
56604
56610
56612
56616
56620
56624
56628
56631
56632
56635
56636
56639
56640
56642
56644
56646
56648
56650
56676
56682
56684
56690
56692
56698
56700
56704
56708
56712
56716
56720
56724
56727
56728
56731
56732
56735
56736
56738
56740
56742
56744
56746
56772
56778
56780
56786
56788
56794
56796
56800
56804
56808
56812
56816
77648
77649
77650
77653
77656
77659
77660
77661
77662
77665
77668
77671
77672
77673
77674
77677
77680
77683
77684
77685
77689
77690
77691
77695
77696
77697
77701
77702
77703
77707
77708
77709
77713
77714
77715
77719
77720
77721
77722
77725
77728
77731
77732
77733
77734
77737
77740
77743
77744
77745
77746
77749
77752
77755
77756
77757
77761
77762
77763
77767
77768
77769
77773
77774
77775
77779
77780
77781
77785
77786
77787
77791
77792
77793
77794
77797
77800
77803
77804
77805
77806
77809
77812
77815
77816
77817
77818
77821
77824
77827
77828
77829
77833
77834
77835
77839
77840
77841
77845
77846
77847
77851
77852
77853
77857
77858
77859
77863
77864
77865
77866
77869
77872
77875
77876
77877
77878
77881
77884
77887
77888
77889
77890
77893
77896
77899
77900
77901
77905
77906
77907
77911
77912
77913
77917
77918
77919
77923
77924
77925
77929
77930
77931
77935
77936
77937
77938
77941
77944
77947
77948
77949
77950
77953
77956
77959
77960
77961
77962
77965
77968
77971
77972
77973
77974
77977
77980
77983
77984
77985
77986
77989
77992
77995
77996
77997
77998
78001
78004
78007
78008
78009
78013
78014
78015
78019
78020
78021
78025
78026
78027
78031
78032
78033
78034
78037
78040
78043
78044
78045
78049
78050
78051
78055
78056
78057
78061
78062
78063
78067
78068
78069
78073
78074
78075
78079
78080
78081
78085
78086
78087
78091
78092
78093
78097
78098
78099
78103
78104
78105
78108
78111
78114
78115
78116
78120
78121
78122
78126
78127
78128
78129
78132
78135
78138
78139
78140
78141
78144
78147
78150
78151
78152
78153
78156
78159
78162
78163
78164
78165
78168
78171
78174
78175
78176
78177
78180
78183
78186
78187
78188
78189
78192
78195
78198
78199
78200
78204
78205
78206
78210
78211
78212
78216
78217
78218
78222
78223
78224
78225
78228
78231
78234
78235
78236
78240
78241
78242
78246
78247
78248
78252
78253
78254
78258
78259
78260
78264
78265
78266
78270
78271
78272
78276
78277
78278
78282
78283
78284
78288
78289
78290
78294
78295
78296
78299
78302
78305
78306
78307
78311
78312
78313
78317
78318
78319
78320
78323
78326
78329
78330
78331
78332
78335
78338
78341
78342
78343
78344
78347
78350
78353
78354
78355
78356
78359
78362
78365
78366
78367
78368
78371
78374
78377
78378
78379
78380
78383
78386
78389
78390
78391
78395
78396
78397
78401
78402
78403
78407
78408
78409
78413
78414
78415
78416
78419
78422
78425
78426
78427
78431
78432
78433
78437
78438
78439
78443
78444
78445
78449
78450
78451
78455
78456
78457
78461
78462
78463
78467
78468
78469
78473
78474
78475
78479
78480
78481
78485
78486
78487
78490
78493
78496
78497
78498
78502
78503
78504
78508
78509
78510
78511
78514
78517
78520
78521
78522
78523
78526
78529
78532
78533
78534
78535
78538
78541
78544
78545
78546
78547
78550
78553
78556
78557
78558
78559
78562
78565
78568
78569
78570
78571
78574
78577
78580
78581
78582
78586
78587
78588
78592
78593
78594
78598
78599
78600
78604
78605
78606
78607
78610
78613
78616
78617
78618
78622
78623
78624
78628
78629
78630
78634
78635
78636
78640
78641
78642
78646
78647
78648
78652
78653
78654
78658
78659
78660
78664
78665
78666
78670
78671
78672
78676
78677
78678
78681
78684
78687
78688
78689
78693
78694
78695
78699
78700
78701
78702
78705
78708
78711
78712
78713
78714
78717
78720
78723
78724
78725
78726
78729
78732
78735
78736
78737
78741
78742
78743
78747
78748
78749
78753
78754
78755
78759
78760
78761
78765
78766
78767
78771
78772
78773
78774
78777
78780
78783
78784
78785
78786
78789
78792
78795
78796
78797
78798
78801
78804
78807
78808
78809
78813
78814
78815
78819
78820
78821
78825
78826
78827
78831
78832
78833
78837
78838
78839
78843
78844
78845
78846
78849
78852
78855
78856
78857
78858
78861
78864
78867
78868
78869
78870
78873
78876
78879
78880
78881
78885
78886
78887
78891
78892
78893
78897
78898
78899
78903
78904
78905
78909
78910
78911
78915
78916
78917
78918
78921
78924
78927
78928
78929
78930
78933
78936
78939
78940
78941
78942
78945
78948
78951
78952
78953
78957
78958
78959
78963
78964
78965
78969
78970
78971
78975
78976
78977
78981
78982
78983
78987
78988
78989
78990
78994
78997
79001
79002
79005
79008
79012
79013
79014
79018
79021
79025
79026
79029
79032
79036
79037
79038
79042
79045
79049
79050
79053
79056
79060
79061
79062
79069
79070
79074
79075
79076
79077
79084
79085
79086
79093
79094
79098
79099
79100
79101
79108
79109
79110
79117
79118
79122
79123
79124
79125
79276
79277
79278
79281
79284
79287
79288
79289
79290
79293
79296
79299
79300
79301
79302
79305
79308
79311
79312
79313
79317
79318
79319
79323
79324
79325
79329
79330
79331
79335
79336
79337
79341
79342
79343
79347
79348
79350
79352
79360
79366
79374
79376
79382
79388
79396
79398
79400
79408
79414
79422
79424
79430
79436
79444
79446
79448
79456
79462
79470
79472
79478
79484
79492
79494
79496
79510
79512
79520
79522
79524
79526
79540
79542
79544
79558
79560
79568
79570
79572
79574
79588
79590
79592
79606
79608
79616
79618
79620
79622
79636
79637
79638
79641
79644
79647
79648
79649
79650
79653
79656
79659
79660
79661
79662
79665
79668
79671
79672
79673
79677
79678
79679
79683
79684
79685
79689
79690
79691
79695
79696
79697
79701
79702
79703
79707
79708
79709
79710
79714
79717
79721
79722
79725
79728
79732
79733
79734
79738
79741
79745
79746
79749
79752
79756
79757
79758
79762
79765
79769
79770
79773
79776
79780
79781
79782
79789
79790
79794
79795
79796
79797
79804
79805
79806
79813
79814
79818
79819
79820
79821
79828
79829
79830
79837
79838
79842
79843
79844
79845
79996
79997
79998
80001
80004
80007
80008
80009
80010
80013
80016
80019
80020
80021
80022
80025
80028
80031
80032
80033
80037
80038
80039
80043
80044
80045
80049
80050
80051
80055
80056
80057
80061
80062
80063
80067
80068
80070
80072
80080
80086
80094
80096
80102
80108
80116
80118
80120
80128
80134
80142
80144
80150
80156
80164
80166
80168
80176
80182
80190
80192
80198
80204
80212
80214
80216
80230
80232
80240
80242
80244
80246
80260
80262
80264
80278
80280
80288
80290
80292
80294
80308
80310
80312
80326
80328
80336
80338
80340
80342
80356
80357
80358
80361
80364
80367
80368
80369
80370
80373
80376
80379
80380
80381
80382
80385
80388
80391
80392
80393
80397
80398
80399
80403
80404
80405
80409
80410
80411
80415
80416
80417
80421
80422
80423
80427
80428
80429
80430
80434
80437
80441
80442
80445
80448
80452
80453
80454
80458
80461
80465
80466
80469
80472
80476
80477
80478
80482
80485
80489
80490
80493
80496
80500
80501
80502
80506
80509
80513
80514
80517
80520
80524
80525
80526
80530
80533
80537
80538
80541
80544
80548
80549
80550
80554
80557
80561
80562
80565
80568
80572
80573
80574
80578
80581
80585
80586
80589
80592
80596
80597
80598
80605
80606
80610
80611
80612
80613
80620
80621
80622
80629
80630
80634
80635
80636
80637
80644
80645
80646
80653
80654
80658
80659
80660
80661
80668
80669
80670
80677
80678
80682
80683
80684
80685
80692
80693
80694
80701
80702
80706
80707
80708
80709
80716
80717
80718
80725
80726
80730
80731
80732
80733
80740
80741
80742
80746
80749
80753
80754
80757
80760
80764
80765
80766
80773
80774
80778
80779
80780
80781
80788
80789
80790
80797
80798
80802
80803
80804
80805
81196
81197
81198
81201
81204
81207
81208
81209
81210
81213
81216
81219
81220
81221
81222
81225
81228
81231
81232
81233
81234
81237
81240
81243
81244
81245
81246
81249
81252
81255
81256
81257
81258
81261
81264
81267
81268
81269
81273
81274
81275
81279
81280
81281
81285
81286
81287
81291
81292
81293
81294
81297
81300
81303
81304
81305
81309
81310
81311
81315
81316
81317
81321
81322
81323
81327
81328
81329
81333
81334
81335
81339
81340
81341
81345
81346
81347
81351
81352
81353
81357
81358
81359
81363
81364
81365
81368
81371
81374
81375
81376
81380
81381
81382
81386
81387
81388
81389
81392
81395
81398
81399
81400
81401
81404
81407
81410
81411
81412
81413
81416
81419
81422
81423
81424
81425
81428
81431
81434
81435
81436
81437
81440
81443
81446
81447
81448
81449
81452
81455
81458
81459
81460
81464
81465
81466
81470
81471
81472
81476
81477
81478
81482
81483
81484
81485
81488
81491
81494
81495
81496
81500
81501
81502
81506
81507
81508
81512
81513
81514
81518
81519
81520
81524
81525
81526
81530
81531
81532
81536
81537
81538
81542
81543
81544
81548
81549
81550
81554
81555
81556
81559
81562
81565
81566
81567
81571
81572
81573
81577
81578
81580
81582
81590
81596
81604
81606
81612
81618
81626
81628
81630
81638
81644
81652
81654
81660
81666
81674
81676
81678
81686
81692
81700
81702
81708
81714
81722
81724
81726
81734
81740
81748
81750
81756
81762
81770
81772
81774
81782
81788
81796
81798
81804
81810
81818
81820
81822
81830
81836
81844
81846
81852
81858
81866
81868
81870
81878
81884
81892
81894
81900
81906
81914
81916
81918
81932
81934
81942
81944
81946
81948
81962
81964
81966
81980
81982
81990
81992
81994
81996
82010
82012
82014
82028
82030
82038
82040
82042
82044
82058
82060
82062
82076
82078
82086
82088
82090
82092
82106
82108
82110
82124
82126
82134
82136
82138
82140
82154
82156
82158
82172
82174
82182
82184
82186
82188
82202
82204
82206
82214
82220
82228
82230
82236
82242
82250
82252
82254
82268
82270
82278
82280
82282
82284
82298
82300
82302
82316
82318
82326
82328
82330
82332
82346
82347
82348
82352
82355
82359
82360
82363
82366
82370
82371
82372
82376
82379
82383
82384
82387
82390
82394
82395
82396
82400
82403
82407
82408
82411
82414
82418
82419
82420
82424
82427
82431
82432
82435
82438
82442
82443
82444
82448
82451
82455
82456
82459
82462
82466
82467
82468
82472
82475
82479
82480
82483
82486
82490
82491
82492
82496
82499
82503
82504
82507
82510
82514
82515
82516
82523
82524
82528
82529
82530
82531
82538
82539
82540
82547
82548
82552
82553
82554
82555
82562
82563
82564
82571
82572
82576
82577
82578
82579
82586
82587
82588
82595
82596
82600
82601
82602
82603
82610
82611
82612
82619
82620
82624
82625
82626
82627
82634
82635
82636
82643
82644
82648
82649
82650
82651
82658
82659
82660
82664
82667
82671
82672
82675
82678
82682
82683
82684
82691
82692
82696
82697
82698
82699
82706
82707
82708
82715
82716
82720
82721
82722
82723
83114
83115
83116
83119
83122
83125
83126
83127
83128
83131
83134
83137
83138
83139
83140
83143
83146
83149
83150
83151
83152
83155
83158
83161
83162
83163
83164
83167
83170
83173
83174
83175
83176
83179
83182
83185
83186
83187
83191
83192
83193
83197
83198
83199
83203
83204
83205
83209
83210
83211
83212
83215
83218
83221
83222
83223
83227
83228
83229
83233
83234
83235
83239
83240
83241
83245
83246
83247
83251
83252
83253
83257
83258
83259
83263
83264
83265
83269
83270
83271
83275
83276
83277
83281
83282
83283
83286
83289
83292
83293
83294
83298
83299
83300
83304
83305
83306
83307
83310
83313
83316
83317
83318
83319
83322
83325
83328
83329
83330
83331
83334
83337
83340
83341
83342
83343
83346
83349
83352
83353
83354
83355
83358
83361
83364
83365
83366
83367
83370
83373
83376
83377
83378
83382
83383
83384
83388
83389
83390
83394
83395
83396
83400
83401
83402
83403
83406
83409
83412
83413
83414
83418
83419
83420
83424
83425
83426
83430
83431
83432
83436
83437
83438
83442
83443
83444
83448
83449
83450
83454
83455
83456
83460
83461
83462
83466
83467
83468
83472
83473
83474
83477
83480
83483
83484
83485
83489
83490
83491
83495
83496
83498
83500
83508
83514
83522
83524
83530
83536
83544
83546
83548
83556
83562
83570
83572
83578
83584
83592
83594
83596
83604
83610
83618
83620
83626
83632
83640
83642
83644
83652
83658
83666
83668
83674
83680
83688
83690
83692
83700
83706
83714
83716
83722
83728
83736
83738
83740
83748
83754
83762
83764
83770
83776
83784
83786
83788
83796
83802
83810
83812
83818
83824
83832
83834
83836
83850
83852
83860
83862
83864
83866
83880
83882
83884
83898
83900
83908
83910
83912
83914
83928
83930
83932
83946
83948
83956
83958
83960
83962
83976
83978
83980
83994
83996
84004
84006
84008
84010
84024
84026
84028
84042
84044
84052
84054
84056
84058
84072
84074
84076
84090
84092
84100
84102
84104
84106
84120
84122
84124
84132
84138
84146
84148
84154
84160
84168
84170
84172
84186
84188
84196
84198
84200
84202
84216
84218
84220
84234
84236
84244
84246
84248
84250
84264
84265
84266
84270
84273
84277
84278
84281
84284
84288
84289
84290
84294
84297
84301
84302
84305
84308
84312
84313
84314
84318
84321
84325
84326
84329
84332
84336
84337
84338
84345
84346
84350
84351
84352
84353
84360
84361
84362
84369
84370
84374
84375
84376
84377
84384
84385
84386
84393
84394
84398
84399
84400
84401
84552
84553
84554
84557
84560
84563
84564
84565
84566
84569
84572
84575
84576
84577
84578
84581
84584
84587
84588
84589
84593
84594
84595
84599
84600
84601
84605
84606
84607
84611
84612
84613
84617
84618
84619
84623
84624
84626
84628
84636
84642
84650
84652
84658
84664
84672
84674
84676
84684
84690
84698
84700
84706
84712
84720
84722
84724
84732
84738
84746
84748
84754
84760
84768
84770
84772
84786
84788
84796
84798
84800
84802
84816
84818
84820
84834
84836
84844
84846
84848
84850
84864
84866
84868
84882
84884
84892
84894
84896
84898
84912
84913
84914
84917
84920
84923
84924
84925
84926
84929
84932
84935
84936
84937
84938
84941
84944
84947
84948
84949
84953
84954
84955
84959
84960
84961
84965
84966
84967
84971
84972
84973
84977
84978
84979
84983
84984
84985
84986
84990
84993
84997
84998
85001
85004
85008
85009
85010
85014
85017
85021
85022
85025
85028
85032
85033
85034
85038
85041
85045
85046
85049
85052
85056
85057
85058
85065
85066
85070
85071
85072
85073
85080
85081
85082
85089
85090
85094
85095
85096
85097
85104
85105
85106
85113
85114
85118
85119
85120
85121
85272
85273
85274
85277
85280
85283
85284
85285
85286
85289
85292
85295
85296
85297
85298
85301
85304
85307
85308
85309
85313
85314
85315
85319
85320
85321
85325
85326
85327
85331
85332
85333
85337
85338
85339
85343
85344
85346
85348
85356
85362
85370
85372
85378
85384
85392
85394
85396
85404
85410
85418
85420
85426
85432
85440
85442
85444
85452
85458
85466
85468
85474
85480
85488
85490
85492
85506
85508
85516
85518
85520
85522
85536
85538
85540
85554
85556
85564
85566
85568
85570
85584
85586
85588
85602
85604
85612
85614
85616
85618
85632
85633
85634
85637
85640
85643
85644
85645
85646
85649
85652
85655
85656
85657
85658
85661
85664
85667
85668
85669
85673
85674
85675
85679
85680
85681
85685
85686
85687
85691
85692
85693
85697
85698
85699
85703
185270
185390
185980
190160
190400
191580
195790
195910
196500
200680
200920
202100
244710
244830
245420
249600
249840
251020
252350
252470
253060
257240
257480
258660
780430
780550
781140
782340
782460
783050
784250
784370
784960
786160
786280
786870
813030
813150
813740
814940
815060
815650
832210
832330
832920
834120
834240
834830